Time:0
Waiting clients: (3; 1; 4) (5; 1; 4) (6; 1; 3) (8; 1; 5) (10; 1; 4) (14; 1; 5) (15; 1; 5) (16; 1; 4) (17; 1; 4) (1; 2; 5) (4; 2; 5) (9; 2; 5) (11; 2; 5) (12; 2; 5) (20; 2; 3) (2; 3; 4) (7; 3; 4) (13; 3; 5) (18; 3; 4) (19; 3; 5)
Queue 1: blocked
Queue 2: blocked

Time:1
Waiting clients: (1; 2; 5) (4; 2; 5) (9; 2; 5) (11; 2; 5) (12; 2; 5) (20; 2; 3) (2; 3; 4) (7; 3; 4) (13; 3; 5) (18; 3; 4) (19; 3; 5)
Queue 1:  (3; 1; 4) (6; 1; 3) (10; 1; 4) (15; 1; 5) (17; 1; 4)
Queue 2:  (5; 1; 4) (8; 1; 5) (14; 1; 5) (16; 1; 4)

Time:2
Waiting clients: (2; 3; 4) (7; 3; 4) (13; 3; 5) (18; 3; 4) (19; 3; 5)
Queue 1:  (3; 1; 3) (6; 1; 3) (10; 1; 4) (15; 1; 5) (17; 1; 4) (4; 2; 5) (11; 2; 5) (20; 2; 3)
Queue 2:  (5; 1; 3) (8; 1; 5) (14; 1; 5) (16; 1; 4) (1; 2; 5) (9; 2; 5) (12; 2; 5)

Time:3
Waiting clients:
Queue 1:  (3; 1; 2) (6; 1; 3) (10; 1; 4) (15; 1; 5) (17; 1; 4) (4; 2; 5) (11; 2; 5) (20; 2; 3) (7; 3; 4) (18; 3; 4)
Queue 2:  (5; 1; 2) (8; 1; 5) (14; 1; 5) (16; 1; 4) (1; 2; 5) (9; 2; 5) (12; 2; 5) (2; 3; 4) (13; 3; 5) (19; 3; 5)

Time:4
Waiting clients:
Queue 1:  (3; 1; 1) (6; 1; 3) (10; 1; 4) (15; 1; 5) (17; 1; 4) (4; 2; 5) (11; 2; 5) (20; 2; 3) (7; 3; 4) (18; 3; 4)
Queue 2:  (5; 1; 1) (8; 1; 5) (14; 1; 5) (16; 1; 4) (1; 2; 5) (9; 2; 5) (12; 2; 5) (2; 3; 4) (13; 3; 5) (19; 3; 5)

Time:5
Waiting clients:
Queue 1:  (6; 1; 3) (10; 1; 4) (15; 1; 5) (17; 1; 4) (4; 2; 5) (11; 2; 5) (20; 2; 3) (7; 3; 4) (18; 3; 4)
Queue 2:  (8; 1; 5) (14; 1; 5) (16; 1; 4) (1; 2; 5) (9; 2; 5) (12; 2; 5) (2; 3; 4) (13; 3; 5) (19; 3; 5)

Time:6
Waiting clients:
Queue 1:  (6; 1; 2) (10; 1; 4) (15; 1; 5) (17; 1; 4) (4; 2; 5) (11; 2; 5) (20; 2; 3) (7; 3; 4) (18; 3; 4)
Queue 2:  (8; 1; 4) (14; 1; 5) (16; 1; 4) (1; 2; 5) (9; 2; 5) (12; 2; 5) (2; 3; 4) (13; 3; 5) (19; 3; 5)

Time:7
Waiting clients:
Queue 1:  (6; 1; 1) (10; 1; 4) (15; 1; 5) (17; 1; 4) (4; 2; 5) (11; 2; 5) (20; 2; 3) (7; 3; 4) (18; 3; 4)
Queue 2:  (8; 1; 3) (14; 1; 5) (16; 1; 4) (1; 2; 5) (9; 2; 5) (12; 2; 5) (2; 3; 4) (13; 3; 5) (19; 3; 5)

Time:8
Waiting clients:
Queue 1:  (10; 1; 4) (15; 1; 5) (17; 1; 4) (4; 2; 5) (11; 2; 5) (20; 2; 3) (7; 3; 4) (18; 3; 4)
Queue 2:  (8; 1; 2) (14; 1; 5) (16; 1; 4) (1; 2; 5) (9; 2; 5) (12; 2; 5) (2; 3; 4) (13; 3; 5) (19; 3; 5)

Time:9
Waiting clients:
Queue 1:  (10; 1; 3) (15; 1; 5) (17; 1; 4) (4; 2; 5) (11; 2; 5) (20; 2; 3) (7; 3; 4) (18; 3; 4)
Queue 2:  (8; 1; 1) (14; 1; 5) (16; 1; 4) (1; 2; 5) (9; 2; 5) (12; 2; 5) (2; 3; 4) (13; 3; 5) (19; 3; 5)

Time:10
Waiting clients:
Queue 1:  (10; 1; 2) (15; 1; 5) (17; 1; 4) (4; 2; 5) (11; 2; 5) (20; 2; 3) (7; 3; 4) (18; 3; 4)
Queue 2:  (14; 1; 5) (16; 1; 4) (1; 2; 5) (9; 2; 5) (12; 2; 5) (2; 3; 4) (13; 3; 5) (19; 3; 5)

Time:11
Waiting clients:
Queue 1:  (10; 1; 1) (15; 1; 5) (17; 1; 4) (4; 2; 5) (11; 2; 5) (20; 2; 3) (7; 3; 4) (18; 3; 4)
Queue 2:  (14; 1; 4) (16; 1; 4) (1; 2; 5) (9; 2; 5) (12; 2; 5) (2; 3; 4) (13; 3; 5) (19; 3; 5)

Time:12
Waiting clients:
Queue 1:  (15; 1; 5) (17; 1; 4) (4; 2; 5) (11; 2; 5) (20; 2; 3) (7; 3; 4) (18; 3; 4)
Queue 2:  (14; 1; 3) (16; 1; 4) (1; 2; 5) (9; 2; 5) (12; 2; 5) (2; 3; 4) (13; 3; 5) (19; 3; 5)

Time:13
Waiting clients:
Queue 1:  (15; 1; 4) (17; 1; 4) (4; 2; 5) (11; 2; 5) (20; 2; 3) (7; 3; 4) (18; 3; 4)
Queue 2:  (14; 1; 2) (16; 1; 4) (1; 2; 5) (9; 2; 5) (12; 2; 5) (2; 3; 4) (13; 3; 5) (19; 3; 5)

Time:14
Waiting clients:
Queue 1:  (15; 1; 3) (17; 1; 4) (4; 2; 5) (11; 2; 5) (20; 2; 3) (7; 3; 4) (18; 3; 4)
Queue 2:  (14; 1; 1) (16; 1; 4) (1; 2; 5) (9; 2; 5) (12; 2; 5) (2; 3; 4) (13; 3; 5) (19; 3; 5)

Time:15
Waiting clients:
Queue 1:  (15; 1; 2) (17; 1; 4) (4; 2; 5) (11; 2; 5) (20; 2; 3) (7; 3; 4) (18; 3; 4)
Queue 2:  (16; 1; 4) (1; 2; 5) (9; 2; 5) (12; 2; 5) (2; 3; 4) (13; 3; 5) (19; 3; 5)

Time:16
Waiting clients:
Queue 1:  (15; 1; 1) (17; 1; 4) (4; 2; 5) (11; 2; 5) (20; 2; 3) (7; 3; 4) (18; 3; 4)
Queue 2:  (16; 1; 3) (1; 2; 5) (9; 2; 5) (12; 2; 5) (2; 3; 4) (13; 3; 5) (19; 3; 5)

Time:17
Waiting clients:
Queue 1:  (17; 1; 4) (4; 2; 5) (11; 2; 5) (20; 2; 3) (7; 3; 4) (18; 3; 4)
Queue 2:  (16; 1; 2) (1; 2; 5) (9; 2; 5) (12; 2; 5) (2; 3; 4) (13; 3; 5) (19; 3; 5)

Time:18
Waiting clients:
Queue 1:  (17; 1; 3) (4; 2; 5) (11; 2; 5) (20; 2; 3) (7; 3; 4) (18; 3; 4)
Queue 2:  (16; 1; 1) (1; 2; 5) (9; 2; 5) (12; 2; 5) (2; 3; 4) (13; 3; 5) (19; 3; 5)

Time:19
Waiting clients:
Queue 1:  (17; 1; 2) (4; 2; 5) (11; 2; 5) (20; 2; 3) (7; 3; 4) (18; 3; 4)
Queue 2:  (1; 2; 5) (9; 2; 5) (12; 2; 5) (2; 3; 4) (13; 3; 5) (19; 3; 5)

Time:20
Waiting clients:
Queue 1:  (17; 1; 1) (4; 2; 5) (11; 2; 5) (20; 2; 3) (7; 3; 4) (18; 3; 4)
Queue 2:  (1; 2; 4) (9; 2; 5) (12; 2; 5) (2; 3; 4) (13; 3; 5) (19; 3; 5)

Peak Hour: 3
Average service time: 4.25
Average waiting time: 32.7
